{
  "generated_utc": "2026-06-21T09:24:02.264474+00:00",
  "source": "C:\\OrthoTwin\\OrthoTwin\\measurements\\geometry\\reconstructed_structures.pkl",
  "structure_count": 14,
  "structures": {
    "vertebra_1": {
      "id": "vertebra_1",
      "name": "Vertebra 1",
      "type": "vertebra",
      "vertex_count": 7693,
      "face_count": 14976,
      "centroid": [
        7.803132718055375,
        170.39392954634084,
        159.67340439360459
      ],
      "pca_axes": [
        [
          0.0005834176815441138,
          -0.20045735696320105,
          0.9797022545973529
        ],
        [
          0.017220551744449086,
          0.9795591603570296,
          0.20041782345452147
        ],
        [
          0.9998515450912829,
          -0.016754086067547195,
          -0.004023478422411101
        ]
      ],
      "pca_variances": [
        349.9116286587687,
        129.95935021175012,
        19.88671997896648
      ],
      "pca_lengths": [
        74.79333588767395,
        56.920479343883414,
        15.600197658268046
      ],
      "bounding_box": {
        "min": [
          0.0,
          139.5,
          123.5
        ],
        "max": [
          15.0,
          192.5,
          196.5
        ],
        "dimensions": [
          15.0,
          53.0,
          73.0
        ],
        "volume_estimate": 58035.0
      },
      "volume_estimate": 58035.0,
      "surface_area": 5707.457979094952,
      "height_estimate": 15.600197658268046
    },
    "vertebra_2": {
      "id": "vertebra_2",
      "name": "Vertebra 2",
      "type": "vertebra",
      "vertex_count": 7897,
      "face_count": 15372,
      "centroid": [
        8.02526275800937,
        144.26415094339623,
        155.76180828162595
      ],
      "pca_axes": [
        [
          0.0032344653878231874,
          0.08881032252283405,
          0.9960433047046927
        ],
        [
          0.027158379102160814,
          0.9956733103817804,
          -0.08886552446213342
        ],
        [
          0.9996259103675728,
          -0.02733835413438264,
          -0.000808526452748903
        ]
      ],
      "pca_variances": [
        426.16852941487684,
        105.95307218185692,
        19.646401517449473
      ],
      "pca_lengths": [
        81.61816171492424,
        50.205962845623354,
        15.904488061216629
      ],
      "bounding_box": {
        "min": [
          0.0,
          120.5,
          115.5
        ],
        "max": [
          15.0,
          173.5,
          195.5
        ],
        "dimensions": [
          15.0,
          53.0,
          80.0
        ],
        "volume_estimate": 63600.0
      },
      "volume_estimate": 63600.0,
      "surface_area": 6038.174606192387,
      "height_estimate": 15.904488061216629
    },
    "vertebra_3": {
      "id": "vertebra_3",
      "name": "Vertebra 3",
      "type": "vertebra",
      "vertex_count": 8046,
      "face_count": 15710,
      "centroid": [
        7.705070842654735,
        113.97831220482227,
        155.04816057668407
      ],
      "pca_axes": [
        [
          0.011638388216990548,
          0.2027198856721809,
          0.9791676035657881
        ],
        [
          0.0545296343575391,
          0.9776481063399606,
          -0.20305343914034613
        ],
        [
          0.998444323383404,
          -0.05575686615070065,
          -0.00032400695848397096
        ]
      ],
      "pca_variances": [
        429.6728057282735,
        121.68670957964046,
        19.947717304378838
      ],
      "pca_lengths": [
        83.56969348794465,
        53.9474544033543,
        16.420187238458084
      ],
      "bounding_box": {
        "min": [
          0.0,
          87.5,
          114.5
        ],
        "max": [
          15.0,
          141.5,
          195.5
        ],
        "dimensions": [
          15.0,
          54.0,
          81.0
        ],
        "volume_estimate": 65610.0
      },
      "volume_estimate": 65610.0,
      "surface_area": 6299.562375751466,
      "height_estimate": 16.420187238458084
    },
    "vertebra_4": {
      "id": "vertebra_4",
      "name": "Vertebra 4",
      "type": "vertebra",
      "vertex_count": 7967,
      "face_count": 15712,
      "centroid": [
        7.803627463286055,
        85.43517007656584,
        158.1610392870591
      ],
      "pca_axes": [
        [
          0.020492987355846842,
          0.29993389112661484,
          0.9537398483983364
        ],
        [
          0.06909930165114145,
          0.9512341992133505,
          -0.3006306450750835
        ],
        [
          0.9973992801183273,
          -0.07206357748949431,
          0.0012315920014302623
        ]
      ],
      "pca_variances": [
        413.34943366598384,
        92.77569575766479,
        18.799949299118467
      ],
      "pca_lengths": [
        82.9279764926866,
        41.08078324480244,
        16.19273139276177
      ],
      "bounding_box": {
        "min": [
          0.5,
          64.5,
          116.5
        ],
        "max": [
          15.0,
          110.5,
          196.5
        ],
        "dimensions": [
          14.5,
          46.0,
          80.0
        ],
        "volume_estimate": 53360.0
      },
      "volume_estimate": 53360.0,
      "surface_area": 6286.303413463598,
      "height_estimate": 16.19273139276177
    },
    "vertebra_5": {
      "id": "vertebra_5",
      "name": "Vertebra 5",
      "type": "vertebra",
      "vertex_count": 7789,
      "face_count": 15416,
      "centroid": [
        8.014443445885222,
        57.75600205417897,
        161.90608550519963
      ],
      "pca_axes": [
        [
          0.009103481094257989,
          0.3366714588369699,
          0.9415781727698201
        ],
        [
          0.016826556078702606,
          0.9414322934531738,
          -0.33678198267429316
        ],
        [
          0.9998169800731015,
          -0.018909406338755857,
          -0.002905289902756014
        ]
      ],
      "pca_variances": [
        399.136220496092,
        91.48230189470883,
        19.071604543374768
      ],
      "pca_lengths": [
        80.77424552426666,
        68.83033904931858,
        15.15538117772751
      ],
      "bounding_box": {
        "min": [
          0.5,
          18.5,
          122.5
        ],
        "max": [
          15.0,
          88.5,
          198.5
        ],
        "dimensions": [
          14.5,
          70.0,
          76.0
        ],
        "volume_estimate": 77140.0
      },
      "volume_estimate": 77140.0,
      "surface_area": 6133.6263503913215,
      "height_estimate": 15.15538117772751
    },
    "vertebra_6": {
      "id": "vertebra_6",
      "name": "Vertebra 6",
      "type": "vertebra",
      "vertex_count": 7838,
      "face_count": 15412,
      "centroid": [
        9.7498025177726,
        34.498906650122834,
        162.65234362629994
      ],
      "pca_axes": [
        [
          0.013232238440712345,
          0.4683100494884481,
          0.8834651127316662
        ],
        [
          0.009486654992809956,
          0.8834439039034121,
          -0.4684408949194615
        ],
        [
          0.9998674468362772,
          -0.014579650339624254,
          -0.007247244516281049
        ]
      ],
      "pca_variances": [
        356.5919988227976,
        140.7606622329656,
        17.253287036006935
      ],
      "pca_lengths": [
        81.21596711741941,
        114.93514134881495,
        14.130977579843341
      ],
      "bounding_box": {
        "min": [
          2.9854493664571846,
          11.51874589482326,
          127.51155515985135
        ],
        "max": [
          16.485449366457186,
          130.51874589482327,
          198.51155515985135
        ],
        "dimensions": [
          13.5,
          119.00000000000001,
          71.0
        ],
        "volume_estimate": 114061.50000000001
      },
      "volume_estimate": 114061.50000000001,
      "surface_area": 6010.129558629664,
      "height_estimate": 14.130977579843341
    },
    "vertebra_7": {
      "id": "vertebra_7",
      "name": "Vertebra 7",
      "type": "vertebra",
      "vertex_count": 4595,
      "face_count": 8886,
      "centroid": [
        7.057967390887861,
        10.075922222696327,
        165.97070816986113
      ],
      "pca_axes": [
        [
          -0.012295336637074064,
          0.14986763192137997,
          0.9886296159832857
        ],
        [
          0.12666230815858406,
          0.9809734481220695,
          -0.14713175650225097
        ],
        [
          0.9918696912341464,
          -0.12341307459817831,
          0.031043978954115203
        ]
      ],
      "pca_variances": [
        287.4858810426663,
        43.198764353352544,
        17.56648916801241
      ],
      "pca_lengths": [
        70.4757533183045,
        43.12087782046356,
        15.024897915603615
      ],
      "bounding_box": {
        "min": [
          0.014550633542815605,
          -0.01874589482326052,
          129.48844484014865
        ],
        "max": [
          13.514550633542816,
          37.48125410517674,
          198.48844484014865
        ],
        "dimensions": [
          13.5,
          37.5,
          69.0
        ],
        "volume_estimate": 34931.25
      },
      "volume_estimate": 34931.25,
      "surface_area": 3443.024740397733,
      "height_estimate": 15.024897915603615
    },
    "vertebra_8_100": {
      "id": "vertebra_8_100",
      "name": "Vertebra 8 (100)",
      "type": "vertebra",
      "vertex_count": 10743,
      "face_count": 21458,
      "centroid": [
        8.428977008284464,
        104.47170250395607,
        162.50446802569115
      ],
      "pca_axes": [
        [
          0.005434411131944263,
          -0.9996944167314377,
          -0.024115147348486972
        ],
        [
          -0.0024872618083973783,
          -0.024128941925156456,
          0.9997057605567095
        ],
        [
          0.9999821401926863,
          0.00537283142883442,
          0.002617628333404305
        ]
      ],
      "pca_variances": [
        3405.1581878990014,
        62.45529101190458,
        8.081735439611972
      ],
      "pca_lengths": [
        203.00482535080556,
        38.63949693626802,
        10.185252873602664
      ],
      "bounding_box": {
        "min": [
          3.5,
          0.0,
          148.5
        ],
        "max": [
          13.5,
          202.5,
          188.5
        ],
        "dimensions": [
          10.0,
          202.5,
          40.0
        ],
        "volume_estimate": 81000.0
      },
      "volume_estimate": 81000.0,
      "surface_area": 8522.307014467946,
      "height_estimate": 10.185252873602664
    },
    "disc_1_201": {
      "id": "disc_1_201",
      "name": "Disc 1 (201)",
      "type": "disc",
      "vertex_count": 2333,
      "face_count": 4562,
      "centroid": [
        7.271538791255893,
        191.12601800257178,
        144.05743677668238
      ],
      "pca_axes": [
        [
          -0.009509031123039694,
          -0.5361566833277602,
          0.8440649200447067
        ],
        [
          0.982797193479171,
          0.15068494533435706,
          0.10678821910232816
        ],
        [
          -0.1844430937079675,
          0.8305600870331767,
          0.5255004158046656
        ]
      ],
      "pca_variances": [
        130.89073978794113,
        20.77984455933789,
        11.993002425837494
      ],
      "pca_lengths": [
        39.36069922021518,
        16.261894929213916,
        16.357344960706463
      ],
      "bounding_box": {
        "min": [
          0.0,
          176.5,
          127.5
        ],
        "max": [
          15.0,
          205.5,
          162.5
        ],
        "dimensions": [
          15.0,
          29.0,
          35.0
        ],
        "volume_estimate": 15225.0
      },
      "volume_estimate": 15225.0,
      "surface_area": 1671.249101469849,
      "height_estimate": 16.261894929213916
    },
    "disc_2_202": {
      "id": "disc_2_202",
      "name": "Disc 2 (202)",
      "type": "disc",
      "vertex_count": 2167,
      "face_count": 4168,
      "centroid": [
        7.72381172127365,
        160.3617904937702,
        136.73281033687124
      ],
      "pca_axes": [
        [
          -0.012442500611396632,
          -0.22933483931865106,
          0.9732680595053063
        ],
        [
          0.22722014395793041,
          0.9472316040751922,
          0.22610460946401845
        ],
        [
          0.9737639294809974,
          -0.22395941533194685,
          -0.04032356539171292
        ]
      ],
      "pca_variances": [
        138.32869040802956,
        24.162954163394115,
        20.998246819672843
      ],
      "pca_lengths": [
        51.09965247392114,
        23.092561119751267,
        17.096713710594813
      ],
      "bounding_box": {
        "min": [
          0.0,
          150.5,
          118.5
        ],
        "max": [
          15.0,
          171.5,
          171.5
        ],
        "dimensions": [
          15.0,
          21.0,
          53.0
        ],
        "volume_estimate": 16695.0
      },
      "volume_estimate": 16695.0,
      "surface_area": 1572.398310729277,
      "height_estimate": 17.096713710594813
    },
    "disc_3_203": {
      "id": "disc_3_203",
      "name": "Disc 3 (203)",
      "type": "disc",
      "vertex_count": 1842,
      "face_count": 3528,
      "centroid": [
        7.51085776330076,
        127.13083604777415,
        132.34256243213898
      ],
      "pca_axes": [
        [
          -0.021260370709791993,
          -0.04803184604415489,
          0.99861951633386
        ],
        [
          0.9482978129280263,
          0.3154060288611831,
          0.03535951009191804
        ],
        [
          -0.31666899853506997,
          0.9477404595793137,
          0.03884284545687544
        ]
      ],
      "pca_variances": [
        131.0348561410257,
        21.91832616824581,
        17.21036710003896
      ],
      "pca_lengths": [
        37.151287649990095,
        18.080058560438427,
        13.986189730171972
      ],
      "bounding_box": {
        "min": [
          0.0,
          121.5,
          114.5
        ],
        "max": [
          15.0,
          134.5,
          151.5
        ],
        "dimensions": [
          15.0,
          13.0,
          37.0
        ],
        "volume_estimate": 7215.0
      },
      "volume_estimate": 7215.0,
      "surface_area": 1432.2393751385696,
      "height_estimate": 13.986189730171972
    },
    "disc_4_204": {
      "id": "disc_4_204",
      "name": "Disc 4 (204)",
      "type": "disc",
      "vertex_count": 1956,
      "face_count": 3774,
      "centroid": [
        7.619631901840491,
        95.15465235173824,
        134.75741308793457
      ],
      "pca_axes": [
        [
          -0.05632058902383051,
          0.07871952639433744,
          0.9953045902718727
        ],
        [
          0.6576803264184293,
          0.7529658983771916,
          -0.022337057173619
        ],
        [
          0.7511887775347535,
          -0.6533342115986884,
          0.09417976672599293
        ]
      ],
      "pca_variances": [
        132.6941065326884,
        25.4877539755725,
        18.29364655506051
      ],
      "pca_lengths": [
        39.840879354924546,
        36.65529011230548,
        23.86334651166532
      ],
      "bounding_box": {
        "min": [
          0.0,
          87.5,
          115.5
        ],
        "max": [
          15.0,
          125.5,
          154.5
        ],
        "dimensions": [
          15.0,
          38.0,
          39.0
        ],
        "volume_estimate": 22230.0
      },
      "volume_estimate": 22230.0,
      "surface_area": 1500.2198215861977,
      "height_estimate": 23.86334651166532
    },
    "disc_5_205": {
      "id": "disc_5_205",
      "name": "Disc 5 (205)",
      "type": "disc",
      "vertex_count": 1779,
      "face_count": 3470,
      "centroid": [
        7.749578414839798,
        66.09106239460371,
        137.56211354693647
      ],
      "pca_axes": [
        [
          -0.04238366781779962,
          0.05399888705922473,
          0.9976410902216666
        ],
        [
          -0.9940305587366058,
          -0.10275539275723948,
          -0.03666848179427075
        ],
        [
          -0.10053294484944585,
          0.9932398750833914,
          -0.05803169430774646
        ]
      ],
      "pca_variances": [
        121.14894070968262,
        21.065686031513028,
        8.891853308831871
      ],
      "pca_lengths": [
        37.31740378704471,
        15.917478183245496,
        10.752192753395528
      ],
      "bounding_box": {
        "min": [
          0.5,
          60.5,
          119.5
        ],
        "max": [
          15.0,
          71.5,
          156.5
        ],
        "dimensions": [
          14.5,
          11.0,
          37.0
        ],
        "volume_estimate": 5901.5
      },
      "volume_estimate": 5901.5,
      "surface_area": 1413.1796261641136,
      "height_estimate": 10.752192753395528
    },
    "disc_6_206_207": {
      "id": "disc_6_206_207",
      "name": "Disc 6 (206/207)",
      "type": "disc",
      "vertex_count": 2667,
      "face_count": 5192,
      "centroid": [
        8.555493063367091,
        26.628796400449918,
        144.08361454818174
      ],
      "pca_axes": [
        [
          0.011847564855557111,
          -0.9956673608221883,
          0.09222874714735976
        ],
        [
          -0.008908113761781428,
          0.0921264634944286,
          0.9957074671976787
        ],
        [
          0.9998901343228667,
          0.012618292966482262,
          0.007778043867933375
        ]
      ],
      "pca_variances": [
        182.4573692354888,
        87.02224662161828,
        11.356997699931092
      ],
      "pca_lengths": [
        55.79036312891212,
        35.28366932810556,
        11.884900674317716
      ],
      "bounding_box": {
        "min": [
          2.0718802269558783,
          8.492044167973292,
          126.49620689825741
        ],
        "max": [
          13.759988159434986,
          64.48261222872004,
          163.4946356162398
        ],
        "dimensions": [
          11.688107932479108,
          55.99056806074675,
          36.99842871798239
        ],
        "volume_estimate": 24212.65241535547
      },
      "volume_estimate": 24212.65241535547,
      "surface_area": 1785.2407355276664,
      "height_estimate": 11.884900674317716
    }
  },
  "units": "voxel units; physical calibration remains blocked unless Patient Alpha spacing is proven",
  "not_medical_advice": true,
  "scenario_id": "collapse_mesh_v3",
  "relative_spacing": {
    "disc_1_201": {
      "vertebra_1": 25.960749767153438,
      "vertebra_2": 48.30729754825492
    },
    "disc_2_202": {
      "vertebra_2": 24.926444483776503,
      "vertebra_3": 49.86862203639526
    },
    "disc_3_203": {
      "vertebra_3": 26.24063240970345,
      "vertebra_4": 49.04292020249055
    },
    "disc_4_204": {
      "vertebra_4": 25.34229487107217,
      "vertebra_5": 46.21542312101458
    },
    "disc_5_205": {
      "vertebra_5": 25.732709827530694,
      "vertebra_6": 40.39288113617157
    },
    "disc_6_206_207": {
      "vertebra_6": 20.203037147702354,
      "vertebra_7": 27.48245065288819
    }
  },
  "curvature": {
    "global_curvature": 6.882539351669847,
    "maximum_local_curvature": 8.14122357212545,
    "local_curvature": [
      {
        "at_node": "vertebra_2",
        "angle_degrees": 172.75404319992643,
        "curvature_estimate": 6.09170374073897
      },
      {
        "at_node": "vertebra_3",
        "angle_degrees": 140.35691585583635,
        "curvature_estimate": 6.620687507959831
      },
      {
        "at_node": "vertebra_8_100",
        "angle_degrees": 128.7914016543664,
        "curvature_estimate": 8.14122357212545
      },
      {
        "at_node": "vertebra_4",
        "angle_degrees": 159.3200963044583,
        "curvature_estimate": 6.712746352272831
      },
      {
        "at_node": "vertebra_5",
        "angle_degrees": 172.9966210202063,
        "curvature_estimate": 6.748999645376432
      },
      {
        "at_node": "vertebra_6",
        "angle_degrees": 167.96242652285716,
        "curvature_estimate": 6.979875291545577
      }
    ],
    "method": "mesh_centroid_angle_rebuild"
  },
  "alignment": {
    "disc_1_201": {
      "disc_angle_degrees": 171.47259835435415,
      "disc_tilt_degrees": 179.51293857428013
    },
    "disc_2_202": {
      "disc_angle_degrees": 178.5205616369264,
      "disc_tilt_degrees": -179.39427261483394
    },
    "disc_3_203": {
      "disc_angle_degrees": 173.77289898306566,
      "disc_tilt_degrees": 179.80216417875928
    },
    "disc_4_204": {
      "disc_angle_degrees": 172.28250857709247,
      "disc_tilt_degrees": 179.56362010262768
    },
    "disc_5_205": {
      "disc_angle_degrees": 175.35645225932174,
      "disc_tilt_degrees": 175.73270708886542
    },
    "disc_6_206_207": {
      "disc_angle_degrees": 170.07635034810454,
      "disc_tilt_degrees": -173.71040091325568
    }
  },
  "rebuild_policy": "all listed measurements recomputed after mesh vertex transforms"
}