{
  "generated_utc": "2026-06-21T09:24:01.964319+00:00",
  "source": "C:\\OrthoTwin\\OrthoTwin\\measurements\\geometry\\reconstructed_structures.pkl",
  "structure_count": 14,
  "structures": {
    "vertebra_1": {
      "id": "vertebra_1",
      "name": "Vertebra 1",
      "type": "vertebra",
      "vertex_count": 7693,
      "face_count": 14976,
      "centroid": [
        7.803132718055375,
        170.39392954634084,
        159.67340439360459
      ],
      "pca_axes": [
        [
          0.0005834176815441138,
          -0.20045735696320105,
          0.9797022545973529
        ],
        [
          0.017220551744449086,
          0.9795591603570296,
          0.20041782345452147
        ],
        [
          0.9998515450912829,
          -0.016754086067547195,
          -0.004023478422411101
        ]
      ],
      "pca_variances": [
        349.9116286587687,
        129.95935021175012,
        19.88671997896648
      ],
      "pca_lengths": [
        74.79333588767395,
        56.920479343883414,
        15.600197658268046
      ],
      "bounding_box": {
        "min": [
          0.0,
          139.5,
          123.5
        ],
        "max": [
          15.0,
          192.5,
          196.5
        ],
        "dimensions": [
          15.0,
          53.0,
          73.0
        ],
        "volume_estimate": 58035.0
      },
      "volume_estimate": 58035.0,
      "surface_area": 5707.457979094952,
      "height_estimate": 15.600197658268046
    },
    "vertebra_2": {
      "id": "vertebra_2",
      "name": "Vertebra 2",
      "type": "vertebra",
      "vertex_count": 7897,
      "face_count": 15372,
      "centroid": [
        8.02526275800937,
        144.26415094339623,
        155.76180828162595
      ],
      "pca_axes": [
        [
          0.0032344653878231874,
          0.08881032252283405,
          0.9960433047046927
        ],
        [
          0.027158379102160814,
          0.9956733103817804,
          -0.08886552446213342
        ],
        [
          0.9996259103675728,
          -0.02733835413438264,
          -0.000808526452748903
        ]
      ],
      "pca_variances": [
        426.16852941487684,
        105.95307218185692,
        19.646401517449473
      ],
      "pca_lengths": [
        81.61816171492424,
        50.205962845623354,
        15.904488061216629
      ],
      "bounding_box": {
        "min": [
          0.0,
          120.5,
          115.5
        ],
        "max": [
          15.0,
          173.5,
          195.5
        ],
        "dimensions": [
          15.0,
          53.0,
          80.0
        ],
        "volume_estimate": 63600.0
      },
      "volume_estimate": 63600.0,
      "surface_area": 6038.174606192387,
      "height_estimate": 15.904488061216629
    },
    "vertebra_3": {
      "id": "vertebra_3",
      "name": "Vertebra 3",
      "type": "vertebra",
      "vertex_count": 8046,
      "face_count": 15710,
      "centroid": [
        7.705070842654735,
        113.97831220482227,
        155.04816057668407
      ],
      "pca_axes": [
        [
          0.011638388216990548,
          0.2027198856721809,
          0.9791676035657881
        ],
        [
          0.0545296343575391,
          0.9776481063399606,
          -0.20305343914034613
        ],
        [
          0.998444323383404,
          -0.05575686615070065,
          -0.00032400695848397096
        ]
      ],
      "pca_variances": [
        429.6728057282735,
        121.68670957964046,
        19.947717304378838
      ],
      "pca_lengths": [
        83.56969348794465,
        53.9474544033543,
        16.420187238458084
      ],
      "bounding_box": {
        "min": [
          0.0,
          87.5,
          114.5
        ],
        "max": [
          15.0,
          141.5,
          195.5
        ],
        "dimensions": [
          15.0,
          54.0,
          81.0
        ],
        "volume_estimate": 65610.0
      },
      "volume_estimate": 65610.0,
      "surface_area": 6299.562375751466,
      "height_estimate": 16.420187238458084
    },
    "vertebra_4": {
      "id": "vertebra_4",
      "name": "Vertebra 4",
      "type": "vertebra",
      "vertex_count": 7967,
      "face_count": 15712,
      "centroid": [
        7.803627463286055,
        85.43517007656584,
        158.1610392870591
      ],
      "pca_axes": [
        [
          0.020492987355846842,
          0.29993389112661484,
          0.9537398483983364
        ],
        [
          0.06909930165114145,
          0.9512341992133505,
          -0.3006306450750835
        ],
        [
          0.9973992801183273,
          -0.07206357748949431,
          0.0012315920014302623
        ]
      ],
      "pca_variances": [
        413.34943366598384,
        92.77569575766479,
        18.799949299118467
      ],
      "pca_lengths": [
        82.9279764926866,
        41.08078324480244,
        16.19273139276177
      ],
      "bounding_box": {
        "min": [
          0.5,
          64.5,
          116.5
        ],
        "max": [
          15.0,
          110.5,
          196.5
        ],
        "dimensions": [
          14.5,
          46.0,
          80.0
        ],
        "volume_estimate": 53360.0
      },
      "volume_estimate": 53360.0,
      "surface_area": 6286.303413463598,
      "height_estimate": 16.19273139276177
    },
    "vertebra_5": {
      "id": "vertebra_5",
      "name": "Vertebra 5",
      "type": "vertebra",
      "vertex_count": 7789,
      "face_count": 15416,
      "centroid": [
        8.014443445885222,
        57.75600205417897,
        161.90608550519963
      ],
      "pca_axes": [
        [
          0.009103481094257989,
          0.3366714588369699,
          0.9415781727698201
        ],
        [
          0.016826556078702606,
          0.9414322934531738,
          -0.33678198267429316
        ],
        [
          0.9998169800731015,
          -0.018909406338755857,
          -0.002905289902756014
        ]
      ],
      "pca_variances": [
        399.136220496092,
        91.48230189470883,
        19.071604543374768
      ],
      "pca_lengths": [
        80.77424552426666,
        68.83033904931858,
        15.15538117772751
      ],
      "bounding_box": {
        "min": [
          0.5,
          18.5,
          122.5
        ],
        "max": [
          15.0,
          88.5,
          198.5
        ],
        "dimensions": [
          14.5,
          70.0,
          76.0
        ],
        "volume_estimate": 77140.0
      },
      "volume_estimate": 77140.0,
      "surface_area": 6133.6263503913215,
      "height_estimate": 15.15538117772751
    },
    "vertebra_6": {
      "id": "vertebra_6",
      "name": "Vertebra 6",
      "type": "vertebra",
      "vertex_count": 7838,
      "face_count": 15412,
      "centroid": [
        8.264353151314111,
        34.48016075529472,
        162.6407884664455
      ],
      "pca_axes": [
        [
          0.013232238440712349,
          0.4683100494884478,
          0.8834651127316662
        ],
        [
          0.009486654992809988,
          0.8834439039034125,
          -0.4684408949194612
        ],
        [
          0.9998674468362772,
          -0.014579650339624283,
          -0.007247244516281044
        ]
      ],
      "pca_variances": [
        356.5919988227977,
        140.76066223296567,
        17.25328703600692
      ],
      "pca_lengths": [
        81.2159671174194,
        114.935141348815,
        14.130977579843341
      ],
      "bounding_box": {
        "min": [
          1.5,
          11.5,
          127.5
        ],
        "max": [
          15.0,
          130.5,
          198.5
        ],
        "dimensions": [
          13.5,
          119.0,
          71.0
        ],
        "volume_estimate": 114061.5
      },
      "volume_estimate": 114061.5,
      "surface_area": 6010.129558629664,
      "height_estimate": 14.130977579843341
    },
    "vertebra_7": {
      "id": "vertebra_7",
      "name": "Vertebra 7",
      "type": "vertebra",
      "vertex_count": 4595,
      "face_count": 8886,
      "centroid": [
        8.54341675734494,
        10.094668117519042,
        165.9822633297062
      ],
      "pca_axes": [
        [
          -0.012295336637074052,
          0.14986763192137997,
          0.9886296159832857
        ],
        [
          0.12666230815858417,
          0.9809734481220692,
          -0.14713175650225097
        ],
        [
          0.9918696912341464,
          -0.12341307459817846,
          0.031043978954115245
        ]
      ],
      "pca_variances": [
        287.4858810426664,
        43.19876435335251,
        17.566489168012417
      ],
      "pca_lengths": [
        70.47575331830448,
        43.120877820463555,
        15.024897915603617
      ],
      "bounding_box": {
        "min": [
          1.5,
          0.0,
          129.5
        ],
        "max": [
          15.0,
          37.5,
          198.5
        ],
        "dimensions": [
          13.5,
          37.5,
          69.0
        ],
        "volume_estimate": 34931.25
      },
      "volume_estimate": 34931.25,
      "surface_area": 3443.024740397733,
      "height_estimate": 15.024897915603617
    },
    "vertebra_8_100": {
      "id": "vertebra_8_100",
      "name": "Vertebra 8 (100)",
      "type": "vertebra",
      "vertex_count": 10743,
      "face_count": 21458,
      "centroid": [
        8.428977008284464,
        104.47170250395607,
        162.50446802569115
      ],
      "pca_axes": [
        [
          0.005434411131944263,
          -0.9996944167314377,
          -0.024115147348486972
        ],
        [
          -0.0024872618083973783,
          -0.024128941925156456,
          0.9997057605567095
        ],
        [
          0.9999821401926863,
          0.00537283142883442,
          0.002617628333404305
        ]
      ],
      "pca_variances": [
        3405.1581878990014,
        62.45529101190458,
        8.081735439611972
      ],
      "pca_lengths": [
        203.00482535080556,
        38.63949693626802,
        10.185252873602664
      ],
      "bounding_box": {
        "min": [
          3.5,
          0.0,
          148.5
        ],
        "max": [
          13.5,
          202.5,
          188.5
        ],
        "dimensions": [
          10.0,
          202.5,
          40.0
        ],
        "volume_estimate": 81000.0
      },
      "volume_estimate": 81000.0,
      "surface_area": 8522.307014467946,
      "height_estimate": 10.185252873602664
    },
    "disc_1_201": {
      "id": "disc_1_201",
      "name": "Disc 1 (201)",
      "type": "disc",
      "vertex_count": 2333,
      "face_count": 4562,
      "centroid": [
        7.271538791255893,
        191.12601800257178,
        144.05743677668238
      ],
      "pca_axes": [
        [
          -0.009509031123039694,
          -0.5361566833277602,
          0.8440649200447067
        ],
        [
          0.982797193479171,
          0.15068494533435706,
          0.10678821910232816
        ],
        [
          -0.1844430937079675,
          0.8305600870331767,
          0.5255004158046656
        ]
      ],
      "pca_variances": [
        130.89073978794113,
        20.77984455933789,
        11.993002425837494
      ],
      "pca_lengths": [
        39.36069922021518,
        16.261894929213916,
        16.357344960706463
      ],
      "bounding_box": {
        "min": [
          0.0,
          176.5,
          127.5
        ],
        "max": [
          15.0,
          205.5,
          162.5
        ],
        "dimensions": [
          15.0,
          29.0,
          35.0
        ],
        "volume_estimate": 15225.0
      },
      "volume_estimate": 15225.0,
      "surface_area": 1671.249101469849,
      "height_estimate": 16.261894929213916
    },
    "disc_2_202": {
      "id": "disc_2_202",
      "name": "Disc 2 (202)",
      "type": "disc",
      "vertex_count": 2167,
      "face_count": 4168,
      "centroid": [
        7.72381172127365,
        160.3617904937702,
        136.73281033687124
      ],
      "pca_axes": [
        [
          -0.012442500611396632,
          -0.22933483931865106,
          0.9732680595053063
        ],
        [
          0.22722014395793041,
          0.9472316040751922,
          0.22610460946401845
        ],
        [
          0.9737639294809974,
          -0.22395941533194685,
          -0.04032356539171292
        ]
      ],
      "pca_variances": [
        138.32869040802956,
        24.162954163394115,
        20.998246819672843
      ],
      "pca_lengths": [
        51.09965247392114,
        23.092561119751267,
        17.096713710594813
      ],
      "bounding_box": {
        "min": [
          0.0,
          150.5,
          118.5
        ],
        "max": [
          15.0,
          171.5,
          171.5
        ],
        "dimensions": [
          15.0,
          21.0,
          53.0
        ],
        "volume_estimate": 16695.0
      },
      "volume_estimate": 16695.0,
      "surface_area": 1572.398310729277,
      "height_estimate": 17.096713710594813
    },
    "disc_3_203": {
      "id": "disc_3_203",
      "name": "Disc 3 (203)",
      "type": "disc",
      "vertex_count": 1842,
      "face_count": 3528,
      "centroid": [
        7.51085776330076,
        127.13083604777415,
        132.34256243213898
      ],
      "pca_axes": [
        [
          -0.021260370709791993,
          -0.04803184604415489,
          0.99861951633386
        ],
        [
          0.9482978129280263,
          0.3154060288611831,
          0.03535951009191804
        ],
        [
          -0.31666899853506997,
          0.9477404595793137,
          0.03884284545687544
        ]
      ],
      "pca_variances": [
        131.0348561410257,
        21.91832616824581,
        17.21036710003896
      ],
      "pca_lengths": [
        37.151287649990095,
        18.080058560438427,
        13.986189730171972
      ],
      "bounding_box": {
        "min": [
          0.0,
          121.5,
          114.5
        ],
        "max": [
          15.0,
          134.5,
          151.5
        ],
        "dimensions": [
          15.0,
          13.0,
          37.0
        ],
        "volume_estimate": 7215.0
      },
      "volume_estimate": 7215.0,
      "surface_area": 1432.2393751385696,
      "height_estimate": 13.986189730171972
    },
    "disc_4_204": {
      "id": "disc_4_204",
      "name": "Disc 4 (204)",
      "type": "disc",
      "vertex_count": 1956,
      "face_count": 3774,
      "centroid": [
        7.619631901840491,
        95.15465235173824,
        134.75741308793457
      ],
      "pca_axes": [
        [
          -0.05632058902383051,
          0.07871952639433744,
          0.9953045902718727
        ],
        [
          0.6576803264184293,
          0.7529658983771916,
          -0.022337057173619
        ],
        [
          0.7511887775347535,
          -0.6533342115986884,
          0.09417976672599293
        ]
      ],
      "pca_variances": [
        132.6941065326884,
        25.4877539755725,
        18.29364655506051
      ],
      "pca_lengths": [
        39.840879354924546,
        36.65529011230548,
        23.86334651166532
      ],
      "bounding_box": {
        "min": [
          0.0,
          87.5,
          115.5
        ],
        "max": [
          15.0,
          125.5,
          154.5
        ],
        "dimensions": [
          15.0,
          38.0,
          39.0
        ],
        "volume_estimate": 22230.0
      },
      "volume_estimate": 22230.0,
      "surface_area": 1500.2198215861977,
      "height_estimate": 23.86334651166532
    },
    "disc_5_205": {
      "id": "disc_5_205",
      "name": "Disc 5 (205)",
      "type": "disc",
      "vertex_count": 1779,
      "face_count": 3470,
      "centroid": [
        7.749578414839798,
        66.09106239460371,
        137.56211354693647
      ],
      "pca_axes": [
        [
          -0.04238366781779962,
          0.05399888705922473,
          0.9976410902216666
        ],
        [
          -0.9940305587366058,
          -0.10275539275723948,
          -0.03666848179427075
        ],
        [
          -0.10053294484944585,
          0.9932398750833914,
          -0.05803169430774646
        ]
      ],
      "pca_variances": [
        121.14894070968262,
        21.065686031513028,
        8.891853308831871
      ],
      "pca_lengths": [
        37.31740378704471,
        15.917478183245496,
        10.752192753395528
      ],
      "bounding_box": {
        "min": [
          0.5,
          60.5,
          119.5
        ],
        "max": [
          15.0,
          71.5,
          156.5
        ],
        "dimensions": [
          14.5,
          11.0,
          37.0
        ],
        "volume_estimate": 5901.5
      },
      "volume_estimate": 5901.5,
      "surface_area": 1413.1796261641136,
      "height_estimate": 10.752192753395528
    },
    "disc_6_206_207": {
      "id": "disc_6_206_207",
      "name": "Disc 6 (206/207)",
      "type": "disc",
      "vertex_count": 2667,
      "face_count": 5192,
      "centroid": [
        8.555493063367079,
        26.628796400449943,
        144.0836145481815
      ],
      "pca_axes": [
        [
          0.011847564855557158,
          -0.9956673608221884,
          0.09222874714736023
        ],
        [
          -0.00890811376178145,
          0.0921264634944291,
          0.9957074671976789
        ],
        [
          0.9998901343228668,
          0.012618292966482312,
          0.007778043867933383
        ]
      ],
      "pca_variances": [
        182.45736923548873,
        87.02224662161824,
        17.74530890614234
      ],
      "pca_lengths": [
        55.79036312891213,
        35.28366932810556,
        14.85612584289715
      ],
      "bounding_box": {
        "min": [
          0.5,
          8.5,
          126.5
        ],
        "max": [
          15.0,
          64.5,
          163.5
        ],
        "dimensions": [
          14.5,
          56.0,
          37.0
        ],
        "volume_estimate": 30044.0
      },
      "volume_estimate": 30044.0,
      "surface_area": 2098.612317390751,
      "height_estimate": 14.85612584289715
    }
  },
  "units": "voxel units; physical calibration remains blocked unless Patient Alpha spacing is proven",
  "not_medical_advice": true
}