[
    {
        "class_id": 1,
        "name": "Vertebra 1",
        "pc1_length": 74.7934799194336,
        "pc2_length": 56.920654296875,
        "pc3_length": 15.600419044494629,
        "pc_explained_variance_ratios": [
            0.7002103328704834,
            0.2599896192550659,
            0.03980002924799919
        ],
        "approx_volume_voxel_units": 11522.9580078125,
        "approx_surface_area_voxel_units": 5707.271484375,
        "principal_axes": [
            [
                0.00058388413162902,
                -0.20046617090702057,
                0.9797004461288452
            ],
            [
                0.017227258533239365,
                0.97955721616745,
                0.2004266083240509
            ],
            [
                0.999851405620575,
                -0.016760528087615967,
                -0.004025430418550968
            ]
        ],
        "centroid": [
            7.8031325340271,
            170.39393615722656,
            159.67340087890625
        ]
    },
    {
        "class_id": 2,
        "name": "Vertebra 2",
        "pc1_length": 81.61819458007812,
        "pc2_length": 50.20599365234375,
        "pc3_length": 15.904882431030273,
        "pc_explained_variance_ratios": [
            0.7724034190177917,
            0.19198575615882874,
            0.0356108695268631
        ],
        "approx_volume_voxel_units": 12480.9169921875,
        "approx_surface_area_voxel_units": 6037.97607421875,
        "principal_axes": [
            [
                0.0032349172979593277,
                0.08881133794784546,
                0.9960432052612305
            ],
            [
                0.02716970071196556,
                0.995672881603241,
                -0.08886656165122986
            ],
            [
                0.9996256232261658,
                -0.027349671348929405,
                -0.0008079420658759773
            ]
        ],
        "centroid": [
            8.025262832641602,
            144.26414489746094,
            155.76181030273438
        ]
    },
    {
        "class_id": 3,
        "name": "Vertebra 3",
        "pc1_length": 83.56976318359375,
        "pc2_length": 53.9473876953125,
        "pc3_length": 16.420455932617188,
        "pc_explained_variance_ratios": [
            0.7520966529846191,
            0.2129843384027481,
            0.03491903468966484
        ],
        "approx_volume_voxel_units": 13271.1669921875,
        "approx_surface_area_voxel_units": 6299.34521484375,
        "principal_axes": [
            [
                0.011639592237770557,
                0.20273661613464355,
                0.9791641235351562
            ],
            [
                0.054538968950510025,
                0.9776440858840942,
                -0.20307020843029022
            ],
            [
                0.9984437823295593,
                -0.055766258388757706,
                -0.00032233254751190543
            ]
        ],
        "centroid": [
            7.705070972442627,
            113.97830963134766,
            155.04815673828125
        ]
    },
    {
        "class_id": 4,
        "name": "Vertebra 4",
        "pc1_length": 82.92835998535156,
        "pc2_length": 41.080589294433594,
        "pc3_length": 16.192768096923828,
        "pc_explained_variance_ratios": [
            0.7874383330345154,
            0.17674489319324493,
            0.03581678122282028
        ],
        "approx_volume_voxel_units": 10204.2080078125,
        "approx_surface_area_voxel_units": 6286.08837890625,
        "principal_axes": [
            [
                0.020494919270277023,
                0.2999613583087921,
                0.9537311792373657
            ],
            [
                0.06909986585378647,
                0.9512254595756531,
                -0.3006581664085388
            ],
            [
                0.9973992109298706,
                -0.07206466048955917,
                0.0012320015812292695
            ]
        ],
        "centroid": [
            7.8036274909973145,
            85.43517303466797,
            158.16104125976562
        ]
    },
    {
        "class_id": 5,
        "name": "Vertebra 5",
        "pc1_length": 80.77500915527344,
        "pc2_length": 68.82978820800781,
        "pc3_length": 15.155389785766602,
        "pc_explained_variance_ratios": [
            0.7830889225006104,
            0.17949053645133972,
            0.03742058202624321
        ],
        "approx_volume_voxel_units": 10758.4169921875,
        "approx_surface_area_voxel_units": 6133.4375,
        "principal_axes": [
            [
                0.009104399010539055,
                0.33670613169670105,
                0.941565752029419
            ],
            [
                0.016825689002871513,
                0.9414198994636536,
                -0.336816668510437
            ],
            [
                0.9998170137405396,
                -0.01890900731086731,
                -0.002905749250203371
            ]
        ],
        "centroid": [
            8.014443397521973,
            57.75600051879883,
            161.9060821533203
        ]
    },
    {
        "class_id": 6,
        "name": "Vertebra 6",
        "pc1_length": 81.2166976928711,
        "pc2_length": 114.93265533447266,
        "pc3_length": 14.131006240844727,
        "pc_explained_variance_ratios": [
            0.6929358243942261,
            0.2735345661640167,
            0.03352963179349899
        ],
        "approx_volume_voxel_units": 8220.8330078125,
        "approx_surface_area_voxel_units": 6009.92578125,
        "principal_axes": [
            [
                0.013233800418674946,
                0.4683733582496643,
                0.8834315538406372
            ],
            [
                0.009484602138400078,
                0.8834103345870972,
                -0.4685041904449463
            ],
            [
                0.9998674392700195,
                -0.014579087495803833,
                -0.007248541805893183
            ]
        ],
        "centroid": [
            8.264352798461914,
            34.480159759521484,
            162.6407928466797
        ]
    },
    {
        "class_id": 7,
        "name": "Vertebra 7",
        "pc1_length": 70.47584533691406,
        "pc2_length": 43.12187957763672,
        "pc3_length": 15.025031089782715,
        "pc_explained_variance_ratios": [
            0.8254958391189575,
            0.1240566223859787,
            0.050447601824998856
        ],
        "approx_volume_voxel_units": 6049.70849609375,
        "approx_surface_area_voxel_units": 3443.048828125,
        "principal_axes": [
            [
                -0.0122972521930933,
                0.14989034831523895,
                0.9886261224746704
            ],
            [
                0.12666963040828705,
                0.9809691905975342,
                -0.147153839468956
            ],
            [
                0.9918687343597412,
                -0.12341932207345963,
                0.031049780547618866
            ]
        ],
        "centroid": [
            8.543416976928711,
            10.0946683883667,
            165.98226928710938
        ]
    },
    {
        "class_id": 8,
        "name": "Vertebra 8 (100)",
        "pc1_length": 203.00482177734375,
        "pc2_length": 38.639495849609375,
        "pc3_length": 10.185251235961914,
        "pc_explained_variance_ratios": [
            0.9797189235687256,
            0.017955832183361053,
            0.0023252530954778194
        ],
        "approx_volume_voxel_units": 18126.083984375,
        "approx_surface_area_voxel_units": 8521.931640625,
        "principal_axes": [
            [
                -0.005434440448880196,
                0.9996944069862366,
                0.02411518432199955
            ],
            [
                -0.0024883870501071215,
                -0.024128984659910202,
                0.9997057318687439
            ],
            [
                0.9999821186065674,
                0.005372833460569382,
                0.002618754282593727
            ]
        ],
        "centroid": [
            8.428977012634277,
            104.4717025756836,
            162.5044708251953
        ]
    },
    {
        "class_id": 9,
        "name": "Disc 1 (201)",
        "pc1_length": 39.360443115234375,
        "pc2_length": 16.25567626953125,
        "pc3_length": 16.361083984375,
        "pc_explained_variance_ratios": [
            0.7999914884567261,
            0.12703950703144073,
            0.07296902686357498
        ],
        "approx_volume_voxel_units": 3293.791748046875,
        "approx_surface_area_voxel_units": 1671.235107421875,
        "principal_axes": [
            [
                -0.009511296637356281,
                -0.5360600352287292,
                0.844126284122467
            ],
            [
                0.9830219745635986,
                0.14968015253543854,
                0.10613028705120087
            ],
            [
                -0.18324115872383118,
                0.8308041095733643,
                0.5255351662635803
            ]
        ],
        "centroid": [
            7.271538734436035,
            191.1260223388672,
            144.05743408203125
        ]
    },
    {
        "class_id": 10,
        "name": "Disc 2 (202)",
        "pc1_length": 51.100608825683594,
        "pc2_length": 23.116668701171875,
        "pc3_length": 17.128128051757812,
        "pc_explained_variance_ratios": [
            0.7541220784187317,
            0.13139677047729492,
            0.11448109149932861
        ],
        "approx_volume_voxel_units": 4043.041748046875,
        "approx_surface_area_voxel_units": 1572.3919677734375,
        "principal_axes": [
            [
                -0.012445728294551373,
                -0.22926807403564453,
                0.9732837677001953
            ],
            [
                0.2321029007434845,
                0.9461113214492798,
                0.22583527863025665
            ],
            [
                0.9726116061210632,
                -0.22871266305446625,
                -0.041438739746809006
            ]
        ],
        "centroid": [
            7.723811626434326,
            160.36178588867188,
            136.73280334472656
        ]
    },
    {
        "class_id": 11,
        "name": "Disc 3 (203)",
        "pc1_length": 37.15129852294922,
        "pc2_length": 18.06109619140625,
        "pc3_length": 13.966697692871094,
        "pc_explained_variance_ratios": [
            0.7702277898788452,
            0.12882982194423676,
            0.10094236582517624
        ],
        "approx_volume_voxel_units": 3061.458251953125,
        "approx_surface_area_voxel_units": 1432.2271728515625,
        "principal_axes": [
            [
                -0.021263591945171356,
                -0.04802815988659859,
                0.9986196160316467
            ],
            [
                0.9491868615150452,
                0.31273242831230164,
                0.03525174409151077
            ],
            [
                -0.31399381160736084,
                0.9486262202262878,
                0.03893788531422615
            ]
        ],
        "centroid": [
            7.510857582092285,
            127.1308364868164,
            132.34255981445312
        ]
    },
    {
        "class_id": 12,
        "name": "Disc 4 (204)",
        "pc1_length": 39.84095001220703,
        "pc2_length": 36.65540313720703,
        "pc3_length": 23.863224029541016,
        "pc_explained_variance_ratios": [
            0.7518829107284546,
            0.14444401860237122,
            0.103673055768013
        ],
        "approx_volume_voxel_units": 2828.375,
        "approx_surface_area_voxel_units": 1500.2091064453125,
        "principal_axes": [
            [
                -0.0563310906291008,
                0.07872187346220016,
                0.9953038096427917
            ],
            [
                0.6576721668243408,
                0.7529731392860413,
                -0.022332945838570595
            ],
            [
                0.7511951327323914,
                -0.653325617313385,
                0.09418898820877075
            ]
        ],
        "centroid": [
            7.619631767272949,
            95.15465545654297,
            134.75741577148438
        ]
    },
    {
        "class_id": 13,
        "name": "Disc 5 (205)",
        "pc1_length": 37.317466735839844,
        "pc2_length": 15.91769790649414,
        "pc3_length": 10.752197265625,
        "pc_explained_variance_ratios": [
            0.8017142415046692,
            0.13943186402320862,
            0.0588538832962513
        ],
        "approx_volume_voxel_units": 1858.0,
        "approx_surface_area_voxel_units": 1413.1690673828125,
        "principal_axes": [
            [
                -0.04239492863416672,
                0.05400075018405914,
                0.9976404905319214
            ],
            [
                0.9940300583839417,
                0.1027565747499466,
                0.03667944669723511
            ],
            [
                -0.10053340345621109,
                0.9932396411895752,
                -0.05803472548723221
            ]
        ],
        "centroid": [
            7.749578475952148,
            66.091064453125,
            137.56211853027344
        ]
    },
    {
        "class_id": 14,
        "name": "Disc 6 (206/207)",
        "pc1_length": 55.79045867919922,
        "pc2_length": 35.28361511230469,
        "pc3_length": 14.856138229370117,
        "pc_explained_variance_ratios": [
            0.635293185710907,
            0.3029198944568634,
            0.06178693473339081
        ],
        "approx_volume_voxel_units": 2567.875,
        "approx_surface_area_voxel_units": 2098.597412109375,
        "principal_axes": [
            [
                -0.011847639456391335,
                0.9956695437431335,
                -0.09220544993877411
            ],
            [
                -0.008911109529435635,
                0.09210312366485596,
                0.9957095980644226
            ],
            [
                0.9998900890350342,
                0.01261846162378788,
                0.007781315594911575
            ]
        ],
        "centroid": [
            8.555493354797363,
            26.628795623779297,
            144.0836181640625
        ]
    }
]